Results of model 'HMM_3_sim':
                         
 LL              3961.632
 AIC            -7893.264
 BIC            -7819.648
 exit code          1.000
 iterations       289.000
 run time (min)    30.000

True parameter values:

$Gamma
          [,1]       [,2]       [,3]
[1,] 0.7913537 0.02475125 0.18389506
[2,] 0.2831939 0.61965424 0.09715183
[3,] 0.2364911 0.03312943 0.73037943

$mus
[1]  0.009436104  0.002839155 -0.017479420

$sigmas
[1] 0.001491433 0.003722574 0.004620354

$dfs
[1] 28.509414  8.129077 10.663817

Estimates:

$Gamma
          [,1]       [,2]      [,3]
[1,] 0.8226924 0.02656993 0.1507377
[2,] 0.2015763 0.62566129 0.1727624
[3,] 0.2217175 0.04544596 0.7328365

$mus
[1]  0.009515553  0.003937869 -0.017843677

$sigmas
[1] 0.001603731 0.003184686 0.004894125

$dfs
[1] 4300.47666   14.61658 2335.27525

Gradient:

 [1] -6.624631e-07  5.154105e-07 -8.080742e-08 -1.512881e-07 -7.449422e-07 -7.650434e-07 -1.367289e-03 -7.251879e-04 -1.844137e-04
[10] -1.269393e-05 -5.985494e-06 -1.477836e-05 -8.601418e-07  1.151134e-08  1.586981e-06

Hessian:

               [,1]          [,2]          [,3]          [,4]          [,5]          [,6]          [,7]          [,8]          [,9]
 [1,]  1.012800e+01  2.017714e-01 -1.306898e+00 -9.003998e-02 -7.141352e-01 -2.270099e+00  1.437164e+03  1.049927e+03 -1.297458e+02
 [2,]  2.017714e-01  6.038595e+01 -7.262770e-01 -1.230092e+00 -4.877620e-01  2.497927e-01  2.116780e+03  1.334201e+03  7.093149e+01
 [3,] -1.306898e+00 -7.262770e-01  9.940595e+00  8.348252e-01 -7.196377e-01 -1.176659e+00 -2.459038e+03 -3.569659e+02  1.803023e+02
 [4,] -9.003998e-02 -1.230092e+00  8.348252e-01  1.253848e+01  2.583874e-01 -7.893505e-01 -2.168083e+03 -1.042184e+03  4.039455e+02
 [5,] -7.141352e-01 -4.877620e-01 -7.196377e-01  2.583874e-01  6.827950e+01  2.167781e+00  4.462986e+02 -1.691127e+02 -1.812882e+02
 [6,] -2.270099e+00  2.497927e-01 -1.176659e+00 -7.893505e-01  2.167781e+00  9.427004e+00 -9.065693e+01  2.845941e+02  2.320835e+02
 [7,]  1.437164e+03  2.116780e+03 -2.459038e+03 -2.168083e+03  4.462986e+02 -9.065693e+01  1.966161e+08 -3.760670e+06  1.178061e+05
 [8,]  1.049927e+03  1.334201e+03 -3.569659e+02 -1.042184e+03 -1.691127e+02  2.845941e+02 -3.760670e+06  4.005982e+06 -4.331383e+05
 [9,] -1.297458e+02  7.093149e+01  1.803023e+02  4.039455e+02 -1.812882e+02  2.320835e+02  1.178061e+05 -4.331383e+05  1.464979e+07
[10,] -1.946682e+00 -4.011008e+00  7.889503e+00  4.144113e+00 -7.350536e-01 -9.963514e-02  1.930880e+04  8.265753e+03 -2.844610e+02
[11,]  3.599052e+00  1.975059e+00 -1.698390e+00 -2.874594e+00  1.528451e+00  6.666596e-01  2.162164e+03 -3.667911e+03  3.224010e+03
[12,] -1.620901e+00  9.121777e-01  1.972785e+00  6.300343e+00 -1.944090e+00  3.799960e+00  1.548047e+03 -5.232633e+03 -8.944236e+03
[13,]  1.903383e-07  3.806765e-07 -4.335483e-07 -1.797639e-07  1.268922e-07  2.326356e-07 -4.390088e-03 -4.544009e-04  1.956254e-05
[14,] -8.795289e-03  2.999172e-03  1.484030e-02 -4.181418e-03 -1.391006e-02 -5.796117e-03 -3.619607e+01  5.414852e+00 -1.931090e+01
[15,]  1.032067e-06 -3.505134e-07 -2.336756e-07 -3.037783e-06  8.568105e-07 -1.752567e-06 -6.044019e-04  1.823604e-03  2.299348e-03
              [,10]         [,11]         [,12]         [,13]         [,14]         [,15]
 [1,] -1.946682e+00  3.599052e+00 -1.620901e+00  1.903383e-07 -8.795289e-03  1.032067e-06
 [2,] -4.011008e+00  1.975059e+00  9.121777e-01  3.806765e-07  2.999172e-03 -3.505134e-07
 [3,]  7.889503e+00 -1.698390e+00  1.972785e+00 -4.335483e-07  1.484030e-02 -2.336756e-07
 [4,]  4.144113e+00 -2.874594e+00  6.300343e+00 -1.797639e-07 -4.181418e-03 -3.037783e-06
 [5,] -7.350536e-01  1.528451e+00 -1.944090e+00  1.268922e-07 -1.391006e-02  8.568105e-07
 [6,] -9.963514e-02  6.666596e-01  3.799960e+00  2.326356e-07 -5.796117e-03 -1.752567e-06
 [7,]  1.930880e+04  2.162164e+03  1.548047e+03 -4.390088e-03 -3.619607e+01 -6.044019e-04
 [8,]  8.265753e+03 -3.667911e+03 -5.232633e+03 -4.544009e-04  5.414852e+00  1.823604e-03
 [9,] -2.844610e+02  3.224010e+03 -8.944236e+03  1.956254e-05 -1.931090e+01  2.299348e-03
[10,]  9.611546e+02  2.761089e+00 -3.700461e+00 -4.329138e-05 -2.217023e-02  1.655202e-06
[11,]  2.761089e+00  7.660851e+01  3.551568e+01  4.335483e-07 -2.849213e-01 -9.755956e-06
[12,] -3.700461e+00  3.551568e+01  6.252886e+02  4.864200e-07 -1.895980e-01 -9.421021e-05
[13,] -4.329138e-05  4.335483e-07  4.864200e-07  4.524336e-10  4.340692e-09  8.150571e-11
[14,] -2.217023e-02 -2.849213e-01 -1.895980e-01  4.340692e-09  1.989956e-03  4.929330e-08
[15,]  1.655202e-06 -9.755956e-06 -9.421021e-05  8.150571e-11  4.929330e-08 -1.392549e-09
