Results of model 'HMM_3_sim':
                         
 LL              4069.169
 AIC            -8108.338
 BIC            -8034.722
 exit code          1.000
 iterations       221.000
 run time (min)    15.000

True parameter values:

$Gamma
          [,1]       [,2]       [,3]
[1,] 0.8744736 0.10465172 0.02087464
[2,] 0.2812260 0.70308072 0.01569329
[3,] 0.1948766 0.02366488 0.78145853

$mus
[1]  0.02990466 -0.01908090 -0.03671103

$sigmas
[1] 0.001713880 0.003370067 0.003827197

$dfs
[1]  7.411151 29.939020 29.117025


Estimates:

$Gamma
          [,1]       [,2]        [,3]
[1,] 0.8550136 0.12716129 0.017825101
[2,] 0.3030815 0.69333522 0.003583305
[3,] 0.2741853 0.02303116 0.702783530

$mus
[1]  0.02981459 -0.01908988 -0.03640512

$sigmas
[1] 0.001786911 0.003686948 0.003137960

$dfs
[1] 8.591865e+00 5.982992e+01 3.976890e+05


Gradient:

 [1]  1.813729e-06  1.010417e-05  1.330371e-07  1.885175e-05 -3.183231e-06
 [6] -4.547474e-06  1.159606e-04 -1.816261e-03 -1.673016e-03  3.534358e-05
[11]  8.278528e-05  1.178685e-05 -1.257822e-11 -1.520134e-08 -8.997703e-07

Hessian:

               [,1]          [,2]          [,3]          [,4]
 [1,]  9.988980e-01  1.136868e-03 -7.275958e-04 -4.547474e-05
 [2,]  1.136868e-03  1.177309e+01 -8.685674e-03 -1.492890e+00
 [3,] -7.275958e-04 -8.685674e-03  9.782525e-01  9.367795e-03
 [4,] -4.547474e-05 -1.492890e+00  9.367795e-03  7.487770e+01
 [5,] -1.496119e-02 -4.606591e-02 -2.641173e-01  2.837623e-02
 [6,] -2.983597e-01  3.669811e-02 -4.592948e-03 -1.498393e-01
 [7,] -1.345929e+01 -3.909054e+01  2.848628e+00  3.908767e+01
 [8,] -1.101389e+01 -2.539223e+01  3.167133e+00  2.539041e+01
 [9,] -4.092726e-04  1.818989e-04  4.547474e-05 -1.364242e-04
[10,] -8.517418e-02 -2.933575e-01  1.432454e-02  2.938123e-01
[11,]  8.376446e-02  1.703484e-01 -3.137757e-02 -1.698027e-01
[12,] -2.728484e-04  4.547474e-05 -9.094947e-05  1.818989e-04
[13,]  1.143475e-10  0.000000e+00 -1.143475e-10  1.143475e-10
[14,] -3.116274e-05 -4.560401e-05  1.292113e-05  5.624494e-05
[15,] -3.175660e-05 -1.587830e-05  3.175660e-05  3.704937e-05
               [,5]          [,6]          [,7]          [,8]
 [1,] -1.496119e-02 -2.983597e-01 -1.345929e+01 -1.101389e+01
 [2,] -4.606591e-02  3.669811e-02 -3.909054e+01 -2.539223e+01
 [3,] -2.641173e-01 -4.592948e-03  2.848628e+00  3.167133e+00
 [4,]  2.837623e-02 -1.498393e-01  3.908767e+01  2.539041e+01
 [5,]  8.748293e+00  2.978595e-02 -3.743758e+01 -2.512729e+01
 [6,]  2.978595e-02  5.948609e+01  3.571054e+01  2.373959e+01
 [7,] -3.743758e+01  3.571054e+01  4.423064e+06 -3.760567e+04
 [8,] -2.512729e+01  2.373959e+01 -3.760567e+04  2.004864e+07
 [9,]  1.364242e-04  5.002221e-04  3.001333e-03 -8.728875e-01
[10,] -2.724391e-01  2.611614e-01 -7.921810e+02 -2.451398e+02
[11,]  1.678472e-01 -1.565695e-01  2.831151e+02 -1.772917e+03
[12,]  4.547474e-05 -1.818989e-04 -2.273737e-04  2.905836e-02
[13,]  6.860848e-10  1.143475e-10  1.909603e-08  2.515644e-09
[14,] -4.636407e-05  3.876340e-05 -1.058454e-01 -8.655085e-01
[15,] -5.292767e-06  4.763490e-05  8.468427e-05 -4.916980e-03
               [,9]         [,10]         [,11]         [,12]
 [1,] -4.092726e-04 -8.517418e-02  8.376446e-02 -2.728484e-04
 [2,]  1.818989e-04 -2.933575e-01  1.703484e-01  4.547474e-05
 [3,]  4.547474e-05  1.432454e-02 -3.137757e-02 -9.094947e-05
 [4,] -1.364242e-04  2.938123e-01 -1.698027e-01  1.818989e-04
 [5,]  1.364242e-04 -2.724391e-01  1.678472e-01  4.547474e-05
 [6,]  5.002221e-04  2.611614e-01 -1.565695e-01 -1.818989e-04
 [7,]  3.001333e-03 -7.921810e+02  2.831151e+02 -2.273737e-04
 [8,] -8.728875e-01 -2.451398e+02 -1.772917e+03  2.905836e-02
 [9,]  1.747205e+08 -2.273737e-04 -9.185896e-03 -6.361785e+03
[10,] -2.273737e-04  8.544071e+01  1.720446e+00 -2.728484e-04
[11,] -9.185896e-03  1.720446e+00  5.344660e+02 -1.364242e-04
[12,] -6.361785e+03 -2.728484e-04 -1.364242e-04  9.975934e+02
[13,]  3.430424e-10 -6.860848e-10  2.286949e-10 -1.143475e-10
[14,]  7.600668e-06 -5.449679e-04 -1.463471e-01 -1.520134e-06
[15,]  5.315601e+02 -2.646383e-05 -4.234213e-05 -1.220451e+01
              [,13]         [,14]         [,15]
 [1,]  1.143475e-10 -3.116274e-05 -3.175660e-05
 [2,]  0.000000e+00 -4.560401e-05 -1.587830e-05
 [3,] -1.143475e-10  1.292113e-05  3.175660e-05
 [4,]  1.143475e-10  5.624494e-05  3.704937e-05
 [5,]  6.860848e-10 -4.636407e-05 -5.292767e-06
 [6,]  1.143475e-10  3.876340e-05  4.763490e-05
 [7,]  1.909603e-08 -1.058454e-01  8.468427e-05
 [8,]  2.515644e-09 -8.655085e-01 -4.916980e-03
 [9,]  3.430424e-10  7.600668e-06  5.315601e+02
[10,] -6.860848e-10 -5.449679e-04 -2.646383e-05
[11,]  2.286949e-10 -1.463471e-01 -4.234213e-05
[12,] -1.143475e-10 -1.520134e-06 -1.220451e+01
[13,]  2.875299e-16 -1.911209e-12  1.330881e-11
[14,] -1.911209e-12  7.041711e-05  2.653906e-07
[15,]  1.330881e-11  2.653906e-07  2.898174e-01
