Results of model 'HMM_DAX_3':
                     
 LL          15326.27
 AIC        -30622.53
 BIC        -30524.46
 exit code       1.00
 iterations    319.00
 run time       88.00

Estimates:

$Gamma
             [,1]       [,2]         [,3]
[1,] 9.771796e-01 0.02282044 3.841449e-16
[2,] 1.801513e-02 0.97700144 4.983437e-03
[3,] 2.261320e-11 0.01736197 9.826380e-01

$mus
[1]  0.0012790720 -0.0001062867 -0.0019401005

$sigmas
[1] 0.005847174 0.012715436 0.026030984

$dfs
[1]  5.582074 33.101667 10.843357


Gradient:

 [1] -2.564459e-06 -3.284046e-05 -9.125328e-06  0.000000e+00 -6.871186e-05  4.084284e-09  1.418890e-02  5.451830e-03 -6.739992e-03
[10]  5.037921e-04 -3.411913e-05 -1.142149e-04 -1.167447e-06 -5.464505e-06  8.863465e-06

Hessian:

               [,1]          [,2]         [,3] [,4]          [,5]          [,6]          [,7]          [,8]          [,9]
 [1,]  9.997166e+00 -6.384653e-02  -2.28828867    0  1.833541e-01 -1.818989e-04 -1.308572e+02  4.696049e+01 -2.390880e+00
 [2,] -6.384653e-02  2.682009e+01   0.39108272    0 -1.413155e+01  0.000000e+00  2.910085e+02  2.781235e-01 -2.195657e+03
 [3,] -2.288289e+00  3.910827e-01   9.66865628    0 -1.121407e+00  0.000000e+00 -3.091209e+01 -4.311005e+00  1.119888e+02
 [4,]  0.000000e+00  0.000000e+00   0.00000000    0  0.000000e+00  0.000000e+00  0.000000e+00  0.000000e+00  0.000000e+00
 [5,]  1.833541e-01 -1.413155e+01  -1.12140697    0  2.472843e+01  0.000000e+00  1.386443e+03 -3.780751e+01 -1.357904e+03
 [6,] -1.818989e-04  0.000000e+00   0.00000000    0  0.000000e+00 -3.637979e-04  0.000000e+00  0.000000e+00 -1.818989e-04
 [7,] -1.308572e+02  2.910085e+02 -30.91208782    0  1.386443e+03  0.000000e+00  1.271397e+07  1.692016e+05  1.908575e+06
 [8,]  4.696049e+01  2.781235e-01  -4.31100489    0 -3.780751e+01  0.000000e+00  1.692016e+05  8.525690e+05  1.484104e+03
 [9,] -2.390880e+00 -2.195657e+03 111.98881111    0 -1.357904e+03 -1.818989e-04  1.908575e+06  1.484104e+03  3.707722e+07
[10,]  7.427843e+00  1.345343e+01  15.27969289    0 -5.159018e+01  0.000000e+00  1.269133e+04  1.703229e+03  1.217131e+04
[11,] -5.974289e+00 -7.668859e-01   5.58065949    0  8.127063e+00  0.000000e+00  1.317701e+03  1.071408e+03 -4.950016e+01
[12,]  4.198228e-01  6.702885e+01  -8.62837624    0 -1.043918e+01 -1.818989e-04  7.987096e+03  2.336837e+01  1.469559e+04
[13,] -1.488089e-02 -1.585354e-02  -0.03039373    0  9.748413e-03  0.000000e+00  3.878528e+00 -2.116027e+00 -4.515620e+00
[14,]  1.890559e-02  4.076361e-03  -0.04286051    0 -4.344764e-02 -1.677515e-05 -4.329498e+00 -2.318007e+00  3.056768e-01
[15,] -2.629712e-02 -1.979257e+00   0.23696733    0  3.691046e-01 -3.258627e-05 -2.481541e+02 -2.447489e+00 -4.742777e+02
             [,10]        [,11]         [,12]        [,13]         [,14]         [,15]
 [1,]     7.427843   -5.9742888  4.198228e-01 -0.014880892  1.890559e-02 -2.629712e-02
 [2,]    13.453428   -0.7668859  6.702885e+01 -0.015853535  4.076361e-03 -1.979257e+00
 [3,]    15.279693    5.5806595 -8.628376e+00 -0.030393727 -4.286051e-02  2.369673e-01
 [4,]     0.000000    0.0000000  0.000000e+00  0.000000000  0.000000e+00  0.000000e+00
 [5,]   -51.590177    8.1270628 -1.043918e+01  0.009748413 -4.344764e-02  3.691046e-01
 [6,]     0.000000    0.0000000 -1.818989e-04  0.000000000 -1.677515e-05 -3.258627e-05
 [7,] 12691.326629 1317.7006622  7.987096e+03  3.878527558 -4.329498e+00 -2.481541e+02
 [8,]  1703.228736 1071.4082236  2.336837e+01 -2.116026576 -2.318007e+00 -2.447489e+00
 [9,] 12171.311028  -49.5001586  1.469559e+04 -4.515619869  3.056768e-01 -4.742777e+02
[10,]  2577.799387 -343.1059667 -6.366563e+02 -2.285250013  2.150675e+00  1.427292e+01
[11,]  -343.105967  830.7481039 -3.747482e+00  0.369032933 -7.113552e+00  1.869148e-01
[12,]  -636.656296   -3.7474820  1.215608e+03  0.422572273  1.994565e-02 -3.186285e+01
[13,]    -2.285250    0.3690329  4.225723e-01  0.003823011 -2.314449e-03 -6.012897e-03
[14,]     2.150675   -7.1135524  1.994565e-02 -0.002314449  1.303910e-01 -1.223109e-03
[15,]    14.272915    0.1869148 -3.186285e+01 -0.006012897 -1.223109e-03  2.079708e+00
