ESTIMATION RESULTS of model 'HMM_3_DAX':
                         
 LL              16062.00
 AIC            -32094.00
 BIC            -31995.17
 exit code           1.00
 iterations        258.00
 run time (min)    101.00

ESTIMATES:

$Gamma
             [,1]       [,2]         [,3]
[1,] 9.774395e-01 0.02256048 9.320581e-12
[2,] 1.723101e-02 0.97778585 4.983145e-03
[3,] 2.796436e-28 0.01701320 9.829868e-01

$mus
[1]  0.0012649543 -0.0001947009 -0.0017444367

$sigmas
[1] 0.005931549 0.012986503 0.025854802

$dfs
[1]  5.694712 42.095101 10.840008

GRADIENT:

 [1]  2.398782e-06  1.058228e-06  2.263276e-06  0.000000e+00 -2.520426e-06 -9.318602e-09 -3.456598e-03  3.278910e-04  1.042254e-03  4.881590e-05
[11]  4.370567e-06 -2.908435e-05 -9.355274e-08 -2.251892e-07  2.357637e-07

HESSIAN:

               [,1]          [,2]          [,3] [,4]         [,5]          [,6]          [,7]          [,8]          [,9]         [,10]
 [1,]  2.792021e+01 -6.311893e-02 -1.463941e+01    0   0.37616701 -1.818989e-04  3.110958e+02 -2.145150e+03  5.205948e-01  1.125100e+01
 [2,] -6.311893e-02  9.923133e+00  2.000888e-01    0  -2.35741027  0.000000e+00 -1.472958e+02 -2.091656e+00  5.245874e+01  5.961192e+00
 [3,] -1.463941e+01  2.000888e-01  2.558281e+01    0  -0.92531991  0.000000e+00  1.434776e+03 -1.348302e+03 -4.392696e+01 -5.372931e+01
 [4,]  0.000000e+00  0.000000e+00  0.000000e+00    0   0.00000000  0.000000e+00  0.000000e+00  0.000000e+00  0.000000e+00  0.000000e+00
 [5,]  3.761670e-01 -2.357410e+00 -9.253199e-01    0  10.27874532  0.000000e+00  2.783781e+01  1.072602e+02 -1.785575e+01  1.818098e+01
 [6,] -1.818989e-04  0.000000e+00  0.000000e+00    0   0.00000000  0.000000e+00  0.000000e+00  0.000000e+00  0.000000e+00 -1.818989e-04
 [7,]  3.110958e+02 -1.472958e+02  1.434776e+03    0  27.83781383  0.000000e+00  1.325898e+07  1.875090e+06  1.853802e+05  1.074700e+04
 [8,] -2.145150e+03 -2.091656e+00 -1.348302e+03    0 107.26016626  0.000000e+00  1.875090e+06  3.758256e+07  1.534431e+03  1.224372e+04
 [9,]  5.205948e-01  5.245874e+01 -4.392696e+01    0 -17.85574568  0.000000e+00  1.853802e+05  1.534431e+03  8.851835e+05  2.287311e+03
[10,]  1.125100e+01  5.961192e+00 -5.372931e+01    0  18.18098099 -1.818989e-04  1.074700e+04  1.224372e+04  2.287311e+03  2.803104e+03
[11,]  6.776390e+01  4.352842e-01 -9.711403e+00    0  -8.94306140  0.000000e+00  8.681608e+03  1.446033e+04  1.981789e+01 -6.768034e+02
[12,] -8.130883e-01 -6.473419e+00  8.185270e+00    0   6.59892976  0.000000e+00  2.710080e+02 -6.133578e+01  1.236325e+03 -3.683437e+02
[13,] -9.104648e-03 -7.968187e-03  6.287263e-03    0  -0.02073716  0.000000e+00  3.885161e+00 -2.702270e+00 -1.663346e+00 -1.547833e+00
[14,] -1.915482e+00 -2.743794e-02  3.135719e-01    0   0.23649655  0.000000e+00 -2.543367e+02 -4.333070e+02 -2.191905e+00  1.459996e+01
[15,]  3.507089e-03  2.246887e-02 -4.594455e-02    0  -0.05134782 -1.678033e-05  2.279558e+00  3.755271e-01 -2.808004e+00  2.419288e+00
              [,11]        [,12]        [,13]         [,14]         [,15]
 [1,]  6.776390e+01   -0.8130883 -0.009104648 -1.915482e+00  3.507089e-03
 [2,]  4.352842e-01   -6.4734195 -0.007968187 -2.743794e-02  2.246887e-02
 [3,] -9.711403e+00    8.1852704  0.006287263  3.135719e-01 -4.594455e-02
 [4,]  0.000000e+00    0.0000000  0.000000000  0.000000e+00  0.000000e+00
 [5,] -8.943061e+00    6.5989298 -0.020737164  2.364966e-01 -5.134782e-02
 [6,]  0.000000e+00    0.0000000  0.000000000  0.000000e+00 -1.678033e-05
 [7,]  8.681608e+03  271.0079571  3.885161080 -2.543367e+02  2.279558e+00
 [8,]  1.446033e+04  -61.3357770 -2.702269850 -4.333070e+02  3.755271e-01
 [9,]  1.981789e+01 1236.3248970 -1.663346133 -2.191905e+00 -2.808004e+00
[10,] -6.768034e+02 -368.3437171 -1.547833344  1.459996e+01  2.419288e+00
[11,]  1.271206e+03   -4.0778104  0.274807396 -3.207211e+01  2.126068e-02
[12,] -4.077810e+00  853.6686437  0.246322423  1.851343e-01 -7.268955e+00
[13,]  2.748074e-01    0.2463224  0.001593158 -3.759850e-03 -1.587341e-03
[14,] -3.207211e+01    0.1851343 -0.003759850  2.010456e+00 -1.314207e-03
[15,]  2.126068e-02   -7.2689547 -0.001587341 -1.314207e-03  1.339206e-01
