ESTIMATION RESULTS of model 'HMM_3_DAX':
                         
 LL              16061.92
 AIC            -32093.84
 BIC            -31995.01
 exit code           1.00
 iterations         46.00
 run time (min)     11.00

ESTIMATES:

$Gamma
             [,1]       [,2]         [,3]
[1,] 0.9772197549 0.02273134 4.890974e-05
[2,] 0.0174744624 0.97752110 5.004436e-03
[3,] 0.0000115899 0.01708748 9.829009e-01

$mus
[1]  0.0012671966 -0.0002018141 -0.0017228742

$sigmas
[1] 0.00593565 0.01305119 0.02579152

$dfs
[1]  5.694435 52.908682 10.634701

GRADIENT:

 [1] -0.042690613  0.051204166  0.007002290  0.049203585  0.002645423 -0.034631172 11.885284433 29.372047645 83.313153429 -0.064290599 -0.039462709
[12]  0.189878119 -0.013681980  0.003626037  0.009156816

HESSIAN:

               [,1]          [,2]          [,3]          [,4]          [,5]          [,6]          [,7]          [,8]          [,9]         [,10]
 [1,]  10.210191029  3.801125e-02 -2.357223e+00  3.584897e-01 -3.303224e-03 -1.043491e+00 -1.873506e+01  3.947238e+01  8.898905e+01    6.50520105
 [2,]   0.038011247  5.248506e-02 -6.509586e-03  2.901655e-02  1.942418e-05 -3.600514e-02  7.036815e-01 -2.548545e+00  1.420587e+00    0.05956090
 [3,]  -2.357222939 -6.509586e-03  9.972427e+00 -6.039407e-02  3.097283e-03  1.988536e-01  5.304782e+01 -1.430220e+02 -2.267145e+00   -6.51935266
 [4,]   0.358489705  2.901655e-02 -6.039407e-02  2.804709e+01 -1.137935e-03 -1.480147e+01  8.421672e-02  2.938121e+02 -2.059103e+03   -0.88122943
 [5,]  -0.003303224  1.942418e-05  3.097283e-03 -1.137935e-03  2.618734e-03  3.963153e-03 -4.465741e-01 -3.176980e-01 -1.011933e-01    0.00386514
 [6,]  -1.043490616 -3.600514e-02  1.988536e-01 -1.480147e+01  3.963153e-03  2.552608e+01 -4.344590e+01  1.478653e+03 -1.391685e+03    8.29849921
 [7,] -18.735059157  7.036815e-01  5.304782e+01  8.421672e-02 -4.465741e-01 -4.344590e+01  8.888751e+05  1.909493e+05  2.666138e+03 1307.13896532
 [8,]  39.472383446 -2.548545e+00 -1.430220e+02  2.938121e+02 -3.176980e-01  1.478653e+03  1.909493e+05  1.287573e+07  1.875620e+06  115.07644066
 [9,]  88.989045564  1.420587e+00 -2.267145e+00 -2.059103e+03 -1.011933e-01 -1.391685e+03  2.666138e+03  1.875620e+06  3.776648e+07  -63.10488934
[10,]   6.505201055  5.956090e-02 -6.519353e+00 -8.812294e-01  3.865140e-03  8.298499e+00  1.307139e+03  1.150764e+02 -6.310489e+01  852.62426729
[11,]  18.394609727  3.620564e-02  5.991653e+00  1.153855e+01  4.874220e-02 -5.414971e+01  2.362560e+03  1.191670e+04  1.037886e+04 -369.56882034
[12,]  -8.864505884 -1.108566e-02  4.538337e-01  6.838608e+01 -5.033698e-04 -1.003123e+01  2.502121e+01  9.305246e+03  1.549685e+04   -4.16163562
[13,]  -0.052992006 -3.385433e-04  2.366295e-02  4.511435e-03 -8.591186e-05 -4.846559e-02 -2.789686e+00  8.475222e-01  5.399065e-01   -7.49902514
[14,]  -0.013349906 -3.124650e-05 -5.077858e-03 -5.842147e-03 -4.089900e-05  3.688053e-03 -1.091533e+00  1.567255e+00 -1.321260e+00    0.15949336
[15,]   0.235406832 -8.741872e-04 -2.829217e-02 -1.930203e+00 -1.942247e-04  3.322776e-01 -2.762563e+00 -2.766748e+02 -4.298188e+02    0.19494112
              [,11]         [,12]         [,13]         [,14]         [,15]
 [1,]  1.839461e+01 -8.864506e+00 -5.299201e-02 -0.0133499063  2.354068e-01
 [2,]  3.620564e-02 -1.108566e-02 -3.385433e-04 -0.0000312465 -8.741872e-04
 [3,]  5.991653e+00  4.538337e-01  2.366295e-02 -0.0050778581 -2.829217e-02
 [4,]  1.153855e+01  6.838608e+01  4.511435e-03 -0.0058421473 -1.930203e+00
 [5,]  4.874220e-02 -5.033698e-04 -8.591186e-05 -0.0000408990 -1.942247e-04
 [6,] -5.414971e+01 -1.003123e+01 -4.846559e-02  0.0036880530  3.322776e-01
 [7,]  2.362560e+03  2.502121e+01 -2.789686e+00 -1.0915332765 -2.762563e+00
 [8,]  1.191670e+04  9.305246e+03  8.475222e-01  1.5672548855 -2.766748e+02
 [9,]  1.037886e+04  1.549685e+04  5.399065e-01 -1.3212597077 -4.298188e+02
[10,] -3.695688e+02 -4.161636e+00 -7.499025e+00  0.1594933564  1.949411e-01
[11,]  2.824491e+03 -6.798348e+02  2.530846e+00 -0.9986104686  1.461707e+01
[12,] -6.798348e+02  1.276743e+03  2.312018e-02  0.1725199652 -3.211632e+01
[13,]  2.530846e+00  2.312018e-02  1.452771e-01 -0.0010800704 -1.390698e-03
[14,] -9.986105e-01  1.725200e-01 -1.080070e-03  0.0005207456 -2.200042e-03
[15,]  1.461707e+01 -3.211632e+01 -1.390698e-03 -0.0022000420  2.004942e+00
