Results of model 'HMM_4_SandP500':
                         
 LL              17151.41
 AIC            -34254.82
 BIC            -34097.08
 exit code           1.00
 iterations        308.00
 run time (min)    527.00

Estimates:

$Gamma
             [,1]         [,2]       [,3]         [,4]
[1,] 1.752816e-04 5.237953e-01 0.47602944 7.135402e-12
[2,] 1.554960e-24 9.781124e-01 0.02188755 5.400994e-35
[3,] 5.123314e-02 1.754794e-27 0.94197068 6.796184e-03
[4,] 6.173924e-21 5.670947e-09 0.02859271 9.714073e-01

$mus
[1]  0.0127409419  0.0009460484 -0.0008691740 -0.0017860086

$sigmas
[1] 0.002904448 0.004763028 0.011204422 0.024226005

$dfs
[1]  3.920739  7.120473 14.588870  6.506127

Gradient:

 [1]  0.000000e+00  7.783029e-05  0.000000e+00 -4.931331e-04  0.000000e+00  2.079103e-06 -3.552357e-04
 [8] -5.049043e-05  7.487814e-05  2.137870e-09  0.000000e+00 -6.197295e-05 -3.388559e-03 -7.534945e-03
[15]  2.083452e-03 -6.713708e-04  2.599797e-05 -1.799982e-05  8.664753e-05  1.782794e-04 -5.979729e-05
[22] -4.622583e-04  5.397568e-04  1.289791e-03

Hessian:

      [,1]          [,2] [,3]          [,4] [,5]          [,6]          [,7]          [,8]          [,9]
 [1,]    0  0.000000e+00    0  0.000000e+00    0  0.000000e+00  0.000000e+00  0.000000e+00    0.00000000
 [2,]    0  3.704336e+01    0  1.517557e+01    0 -1.091394e-03 -1.517376e+01 -1.355220e+01    0.29904186
 [3,]    0  0.000000e+00    0  0.000000e+00    0  0.000000e+00  0.000000e+00  0.000000e+00    0.00000000
 [4,]    0  1.517557e+01    0  9.905716e+00    0  4.546074e-05 -9.911169e+00 -7.820929e+00    0.08137473
 [5,]    0  0.000000e+00    0  0.000000e+00    0  0.000000e+00  0.000000e+00  0.000000e+00    0.00000000
 [6,]    0 -1.091394e-03    0  4.546074e-05    0 -3.383320e-02  2.760631e-04  2.546585e-03   -0.01673470
 [7,]    0 -1.517376e+01    0 -9.911169e+00    0  2.760631e-04  9.918099e+00  7.823583e+00   -0.08056442
 [8,]    0 -1.355220e+01    0 -7.820929e+00    0  2.546585e-03  7.823583e+00  3.906789e+01   -0.03165042
 [9,]    0  2.990419e-01    0  8.137473e-02    0 -1.673470e-02 -8.056442e-02 -3.165042e-02   10.48101694
[10,]    0  0.000000e+00    0  0.000000e+00    0  0.000000e+00  0.000000e+00  0.000000e+00    0.00000000
[11,]    0  0.000000e+00    0  0.000000e+00    0  0.000000e+00  0.000000e+00  0.000000e+00    0.00000000
[12,]    0 -2.106026e+00    0 -4.259671e-01    0  0.000000e+00  4.259654e-01  2.881279e-01   -3.35785444
[13,]    0  2.548477e+01    0 -4.247627e+02    0  1.091394e-03  4.248905e+02  3.045359e+02  -12.83297024
[14,]    0  1.609664e+03    0 -1.597795e+02    0  1.455192e-03  1.593171e+02 -4.265588e+02   -2.31848389
[15,]    0  6.451926e+03    0 -1.010256e+03    0  1.091394e-03  1.008397e+03  1.143367e+03 -125.40149328
[16,]    0 -1.519984e+01    0 -3.841151e+01    0  3.637979e-04  3.840691e+01  6.629853e+00   35.42227205
[17,]    0 -3.827881e+00    0  1.038187e+00    0  0.000000e+00 -1.035835e+00 -9.596988e-01    0.02510205
[18,]    0 -1.827357e+00    0  1.415284e+00    0  2.182787e-03 -1.418918e+00  6.951450e+01    0.59189915
[19,]    0 -5.127731e+00    0 -2.161926e+01    0  1.455192e-03  2.162172e+01  1.190165e+01    8.85847840
[20,]    0  9.961877e+00    0  4.714506e+00    0  3.637979e-04 -4.711615e+00 -7.243216e-01   -6.42976374
[21,]    0  2.275164e-01    0 -6.889715e-02    0  2.783643e-04  6.887369e-02  4.528059e-02   -0.01085621
[22,]    0  8.057179e-02    0 -3.521058e-02    0  1.021836e-04  3.537147e-02 -1.447227e+00   -0.01047382
[23,]    0  4.568399e-02    0 -3.107711e-02    0  2.493667e-05  3.121956e-02 -3.590881e-02   -0.11889806
[24,]    0 -1.578514e-01    0 -7.602262e-02    0  1.118324e-04  7.624188e-02  1.079183e-02    0.06173148
              [,10] [,11]         [,12]         [,13]         [,14]         [,15]         [,16]         [,17]
 [1,]  0.0000000000     0  0.000000e+00  0.000000e+00  0.000000e+00  0.000000e+00  0.000000e+00  0.000000e+00
 [2,]  0.0000000000     0 -2.106026e+00  2.548477e+01  1.609664e+03  6.451926e+03 -1.519984e+01 -3.827881e+00
 [3,]  0.0000000000     0  0.000000e+00  0.000000e+00  0.000000e+00  0.000000e+00  0.000000e+00  0.000000e+00
 [4,]  0.0000000000     0 -4.259671e-01 -4.247627e+02 -1.597795e+02 -1.010256e+03 -3.841151e+01  1.038187e+00
 [5,]  0.0000000000     0  0.000000e+00  0.000000e+00  0.000000e+00  0.000000e+00  0.000000e+00  0.000000e+00
 [6,]  0.0000000000     0  0.000000e+00  1.091394e-03  1.455192e-03  1.091394e-03  3.637979e-04  0.000000e+00
 [7,]  0.0000000000     0  4.259654e-01  4.248905e+02  1.593171e+02  1.008397e+03  3.840691e+01 -1.035835e+00
 [8,]  0.0000000000     0  2.881279e-01  3.045359e+02 -4.265588e+02  1.143367e+03  6.629853e+00 -9.596988e-01
 [9,]  0.0000000000     0 -3.357854e+00 -1.283297e+01 -2.318484e+00 -1.254015e+02  3.542227e+01  2.510205e-02
[10,]  0.0000000000     0 -3.637979e-04  0.000000e+00  0.000000e+00  0.000000e+00  0.000000e+00  0.000000e+00
[11,]  0.0000000000     0  0.000000e+00  0.000000e+00  0.000000e+00  0.000000e+00  0.000000e+00  0.000000e+00
[12,] -0.0003637979     0  9.889845e+00 -8.688294e+01  1.631335e+02  1.448425e+01 -3.206951e+01  1.902663e-01
[13,]  0.0000000000     0 -8.688294e+01  1.904738e+06 -5.569389e+04  5.867137e+05  5.125329e+03 -8.782878e+02
[14,]  0.0000000000     0  1.631335e+02 -5.569389e+04  8.215073e+07  1.930307e+06  3.448956e+03 -1.910876e+03
[15,]  0.0000000000     0  1.448425e+01  5.867137e+05  1.930307e+06  1.270636e+07  1.826868e+05  3.743633e+02
[16,]  0.0000000000     0 -3.206951e+01  5.125329e+03  3.448956e+03  1.826868e+05  6.178545e+05  2.641536e+01
[17,]  0.0000000000     0  1.902663e-01 -8.782878e+02 -1.910876e+03  3.743633e+02  2.641536e+01  2.400120e+01
[18,]  0.0000000000     0 -8.531788e+00 -5.721367e+03  1.315188e+04  7.563864e+03  3.282912e+00  5.439142e+00
[19,]  0.0000000000     0  3.057321e+01  5.037181e+03  1.837191e+04  9.703382e+03  1.397872e+03  4.312460e+00
[20,]  0.0000000000     0  8.832649e+00 -3.868081e+02 -1.328699e+02  2.873443e+02  9.219246e+02 -2.778324e+00
[21,]  0.0000000000     0 -3.108401e-02 -1.982306e+01  1.376383e+02 -1.660601e+01 -2.519939e+00 -9.845745e-01
[22,]  0.0000000000     0  1.800986e-01  1.230689e+01 -1.288264e+02 -1.450685e+02 -3.168714e-01 -6.008908e-01
[23,]  0.0000000000     0 -2.893153e-01  1.833843e-01 -3.398766e+01 -2.552199e+01 -8.024372e+00 -7.037129e-02
[24,]  0.0000000000     0 -1.814480e-01  7.437022e+00  1.775227e+00 -4.753715e+00 -1.954696e+01  4.641044e-02
              [,18]         [,19]         [,20]         [,21]         [,22]         [,23]         [,24]
 [1,]  0.000000e+00  0.000000e+00  0.000000e+00  0.000000e+00  0.000000e+00  0.000000e+00  0.000000e+00
 [2,] -1.827357e+00 -5.127731e+00  9.961877e+00  2.275164e-01  8.057179e-02  4.568399e-02 -1.578514e-01
 [3,]  0.000000e+00  0.000000e+00  0.000000e+00  0.000000e+00  0.000000e+00  0.000000e+00  0.000000e+00
 [4,]  1.415284e+00 -2.161926e+01  4.714506e+00 -6.889715e-02 -3.521058e-02 -3.107711e-02 -7.602262e-02
 [5,]  0.000000e+00  0.000000e+00  0.000000e+00  0.000000e+00  0.000000e+00  0.000000e+00  0.000000e+00
 [6,]  2.182787e-03  1.455192e-03  3.637979e-04  2.783643e-04  1.021836e-04  2.493667e-05  1.118324e-04
 [7,] -1.418918e+00  2.162172e+01 -4.711615e+00  6.887369e-02  3.537147e-02  3.121956e-02  7.624188e-02
 [8,]  6.951450e+01  1.190165e+01 -7.243216e-01  4.528059e-02 -1.447227e+00 -3.590881e-02  1.079183e-02
 [9,]  5.918992e-01  8.858478e+00 -6.429764e+00 -1.085621e-02 -1.047382e-02 -1.188981e-01  6.173148e-02
[10,]  0.000000e+00  0.000000e+00  0.000000e+00  0.000000e+00  0.000000e+00  0.000000e+00  0.000000e+00
[11,]  0.000000e+00  0.000000e+00  0.000000e+00  0.000000e+00  0.000000e+00  0.000000e+00  0.000000e+00
[12,] -8.531788e+00  3.057321e+01  8.832649e+00 -3.108401e-02  1.800986e-01 -2.893153e-01 -1.814480e-01
[13,] -5.721367e+03  5.037181e+03 -3.868081e+02 -1.982306e+01  1.230689e+01  1.833843e-01  7.437022e+00
[14,]  1.315188e+04  1.837191e+04 -1.328699e+02  1.376383e+02 -1.288264e+02 -3.398766e+01  1.775227e+00
[15,]  7.563864e+03  9.703382e+03  2.873443e+02 -1.660601e+01 -1.450685e+02 -2.552199e+01 -4.753715e+00
[16,]  3.282912e+00  1.397872e+03  9.219246e+02 -2.519939e+00 -3.168714e-01 -8.024372e+00 -1.954696e+01
[17,]  5.439142e+00  4.312460e+00 -2.778324e+00 -9.845745e-01 -6.008908e-01 -7.037129e-02  4.641044e-02
[18,]  2.218294e+03 -6.124359e+02 -4.268441e+00 -4.264541e-01 -3.418078e+01  2.057251e+00  6.654027e-02
[19,] -6.124359e+02  1.792233e+03 -3.210189e+02 -4.858385e-01  1.116760e+01 -6.722079e+00  6.011774e+00
[20,] -4.268441e+00 -3.210189e+02  4.588292e+02  2.562807e-01  9.314038e-02  1.871223e+00 -1.057767e+01
[21,] -4.264541e-01 -4.858385e-01  2.562807e-01  1.385643e-01  3.948445e-02  7.937527e-03 -4.549466e-03
[22,] -3.418078e+01  1.116760e+01  9.314038e-02  3.948445e-02  1.222908e+00 -3.581957e-02 -1.264313e-03
[23,]  2.057251e+00 -6.722079e+00  1.871223e+00  7.937527e-03 -3.581957e-02  6.353960e-02 -3.576001e-02
[24,]  6.654027e-02  6.011774e+00 -1.057767e+01 -4.549466e-03 -1.264313e-03 -3.576001e-02  5.537451e-01
