Results of model 'HMM_4_DAX':
                         
 LL              16068.29
 AIC            -32088.57
 BIC            -31930.45
 exit code           1.00
 iterations        371.00
 run time (min)    286.00

Estimates:

$Gamma
             [,1]         [,2]         [,3]         [,4]
[1,] 9.703529e-01 1.772876e-11 2.471731e-10 2.964713e-02
[2,] 2.502450e-02 9.697008e-01 5.274671e-03 8.888999e-12
[3,] 1.335965e-09 1.712884e-02 9.828712e-01 5.811332e-32
[4,] 1.953575e-13 9.999998e-01 3.855729e-11 2.204307e-07

$mus
[1]  1.347285e-03  4.542147e-05 -1.797980e-03 -1.509892e-02

$sigmas
[1] 0.005858125 0.013182124 0.025880506 0.003787552

$dfs
[1]  5.942256 47.720849 10.827339  3.631474


Gradient:

 [1]  0.000000e+00  6.535591e-06  4.998219e-07  3.206950e-06 -1.717686e-08  0.000000e+00 -2.721966e-08
 [8] -5.144495e-07 -2.200908e-06 -7.122527e-08  2.102588e-09  1.081471e-07 -4.163712e-03 -6.843857e-04
[15] -8.750339e-04 -6.565188e-04  7.091153e-05 -2.838075e-07 -2.014153e-04  3.178520e-05 -1.698915e-06
[22] -3.906986e-07  2.641528e-07 -7.333186e-07

Hessian:

      [,1]          [,2]          [,3]          [,4]          [,5] [,6]          [,7]          [,8]          [,9]
 [1,]    0  0.000000e+00  0.000000e+00  0.000000e+00  0.000000e+00    0  0.000000e+00  0.000000e+00  0.000000e+00
 [2,]    0  3.085152e+01 -9.094947e-04 -1.985227e+01  1.818989e-04    0 -7.275958e-04 -2.966837e-04  2.775778e-01
 [3,]    0 -9.094947e-04 -7.457857e-03 -5.456968e-04  1.818989e-04    0  0.000000e+00 -3.560204e-05 -2.546585e-03
 [4,]    0 -1.985227e+01 -5.456968e-04  3.871337e+01  1.818989e-04    0 -3.637979e-04 -1.186735e-04 -6.093615e-02
 [5,]    0  1.818989e-04  1.818989e-04  1.818989e-04  3.637979e-04    0  0.000000e+00  2.373470e-05 -1.818989e-04
 [6,]    0  0.000000e+00  0.000000e+00  0.000000e+00  0.000000e+00    0  0.000000e+00  0.000000e+00  0.000000e+00
 [7,]    0 -7.275958e-04  0.000000e+00 -3.637979e-04  0.000000e+00    0 -3.637979e-04  0.000000e+00 -1.818989e-04
 [8,]    0 -2.966837e-04 -3.560204e-05 -1.186735e-04  2.373470e-05    0  0.000000e+00 -4.026063e-05  2.729490e-04
 [9,]    0  2.775778e-01 -2.546585e-03 -6.093615e-02 -1.818989e-04    0 -1.818989e-04  2.729490e-04  9.830728e+00
[10,]    0 -7.275958e-04  1.818989e-04  1.818989e-04  3.637979e-04    0 -3.637979e-04  2.373470e-05  1.818989e-04
[11,]    0  0.000000e+00  0.000000e+00  0.000000e+00  0.000000e+00    0  0.000000e+00  0.000000e+00  0.000000e+00
[12,]    0 -1.886656e+00  7.275958e-04  2.915840e-01  3.637979e-04    0 -7.275958e-04  1.186735e-05 -2.373417e+00
[13,]    0 -2.529767e+03 -9.094947e-04 -3.240350e+03  1.818989e-04    0  0.000000e+00  5.102960e-04 -3.223977e+00
[14,]    0  1.412858e+02 -1.818989e-04 -2.733957e+02  1.818989e-04    0 -3.637979e-04  4.509592e-04 -2.687011e+00
[15,]    0 -3.578789e+01  3.637979e-04 -9.364914e+02  1.818989e-04    0 -5.456968e-04  1.044327e-03 -1.584385e+02
[16,]    0 -7.010931e+01  7.275958e-04 -7.708877e-01  0.000000e+00    0 -3.637979e-04 -9.493878e-05  6.212067e+01
[17,]    0 -1.806784e+01  3.637979e-04  8.305396e+01  1.818989e-04    0 -1.818989e-04 -8.307144e-05  4.407411e-01
[18,]    0 -5.502443e-01 -5.456968e-04 -1.221633e+00  1.818989e-04    0  0.000000e+00  1.780102e-04  3.055902e-02
[19,]    0 -6.790269e+01 -1.091394e-03  1.018343e+01  1.818989e-04    0 -3.637979e-04 -1.424082e-04  5.379661e+00
[20,]    0  1.124572e+01  1.818989e-04 -1.680564e+00  1.818989e-04    0  0.000000e+00  7.120409e-05 -6.799382e+00
[21,]    0  4.967874e-01 -9.183327e-05 -2.292618e+00  6.122218e-05    0 -6.122218e-05 -3.794512e-05 -2.280526e-02
[22,]    0 -1.031845e-02 -3.005374e-04 -9.216480e-03  0.000000e+00    0 -1.502687e-04 -5.555456e-05 -2.203941e-03
[23,]    0  9.453088e-03 -1.143519e-05 -4.059491e-03  7.623458e-06    0 -7.623458e-06 -2.238144e-06 -5.790016e-03
[24,]    0 -6.437748e-02 -1.679997e-05  8.517584e-03  3.359994e-05    0  0.000000e+00  5.480270e-06  2.486395e-02
              [,10]         [,11]         [,12]         [,13]         [,14]         [,15]         [,16]
 [1,]  0.000000e+00  0.000000e+00  0.000000e+00  0.000000e+00  0.000000e+00  0.000000e+00  0.000000e+00
 [2,] -7.275958e-04  0.000000e+00 -1.886656e+00 -2.529767e+03  1.412858e+02 -3.578789e+01 -7.010931e+01
 [3,]  1.818989e-04  0.000000e+00  7.275958e-04 -9.094947e-04 -1.818989e-04  3.637979e-04  7.275958e-04
 [4,]  1.818989e-04  0.000000e+00  2.915840e-01 -3.240350e+03 -2.733957e+02 -9.364914e+02 -7.708877e-01
 [5,]  3.637979e-04  0.000000e+00  3.637979e-04  1.818989e-04  1.818989e-04  1.818989e-04  0.000000e+00
 [6,]  0.000000e+00  0.000000e+00  0.000000e+00  0.000000e+00  0.000000e+00  0.000000e+00  0.000000e+00
 [7,] -3.637979e-04  0.000000e+00 -7.275958e-04  0.000000e+00 -3.637979e-04 -5.456968e-04 -3.637979e-04
 [8,]  2.373470e-05  0.000000e+00  1.186735e-05  5.102960e-04  4.509592e-04  1.044327e-03 -9.493878e-05
 [9,]  1.818989e-04  0.000000e+00 -2.373417e+00 -3.223977e+00 -2.687011e+00 -1.584385e+02  6.212067e+01
[10,]  0.000000e+00  0.000000e+00  1.818989e-04  1.818989e-04  3.637979e-04 -3.637979e-04 -1.818989e-04
[11,]  0.000000e+00  0.000000e+00  0.000000e+00  0.000000e+00 -1.818989e-04  0.000000e+00  0.000000e+00
[12,]  1.818989e-04  0.000000e+00  9.926589e+00  6.607061e+01  3.054065e+01 -4.317189e+01 -1.901026e+01
[13,]  1.818989e-04  0.000000e+00  6.607061e+01  3.973917e+07 -3.844709e+05  2.056465e+06  2.312839e+03
[14,]  3.637979e-04 -1.818989e-04  3.054065e+01 -3.844709e+05  7.697276e+05  2.499226e+05 -2.529921e+02
[15,] -3.637979e-04  0.000000e+00 -4.317189e+01  2.056465e+06  2.499226e+05  1.209521e+07  1.820084e+05
[16,] -1.818989e-04  0.000000e+00 -1.901026e+01  2.312839e+03 -2.529921e+02  1.820084e+05  8.768742e+05
[17,]  5.456968e-04  0.000000e+00 -8.950519e+00  1.661521e+04  2.184666e+03  7.708004e+03  1.370736e+01
[18,]  3.637979e-04  0.000000e+00  1.051376e-01 -2.404093e+02 -2.707056e+01  1.753790e+02 -1.206990e+01
[19,]  3.637979e-04  0.000000e+00  1.912631e+01  6.606195e+03 -2.176008e+03  6.912402e+03  2.340202e+03
[20,]  3.637979e-04  0.000000e+00  7.050585e+00 -1.206769e+02  9.275591e+01  8.166089e+02  1.300699e+03
[21,]  9.183327e-05  0.000000e+00  2.296138e-01 -6.691272e+02  1.052805e+02 -2.351877e+02 -1.936458e+00
[22,] -1.502687e-04 -5.008956e-05 -4.708419e-03 -4.343326e+01 -5.012493e+01 -3.944052e+00  5.131676e-01
[23,]  3.811729e-06  0.000000e+00 -1.632563e-02 -5.151170e-01  8.600404e-02  3.877763e+00 -1.307640e+00
[24,]  6.719987e-05  0.000000e+00 -5.448230e-02  6.955019e-01 -6.525444e-01 -3.135042e-01 -3.812165e+00
              [,17]         [,18]         [,19]         [,20]         [,21]         [,22]         [,23]
 [1,]  0.000000e+00  0.000000e+00  0.000000e+00  0.000000e+00  0.000000e+00  0.000000e+00  0.000000e+00
 [2,] -1.806784e+01 -5.502443e-01 -6.790269e+01  1.124572e+01  4.967874e-01 -1.031845e-02  9.453088e-03
 [3,]  3.637979e-04 -5.456968e-04 -1.091394e-03  1.818989e-04 -9.183327e-05 -3.005374e-04 -1.143519e-05
 [4,]  8.305396e+01 -1.221633e+00  1.018343e+01 -1.680564e+00 -2.292618e+00 -9.216480e-03 -4.059491e-03
 [5,]  1.818989e-04  1.818989e-04  1.818989e-04  1.818989e-04  6.122218e-05  0.000000e+00  7.623458e-06
 [6,]  0.000000e+00  0.000000e+00  0.000000e+00  0.000000e+00  0.000000e+00  0.000000e+00  0.000000e+00
 [7,] -1.818989e-04  0.000000e+00 -3.637979e-04  0.000000e+00 -6.122218e-05 -1.502687e-04 -7.623458e-06
 [8,] -8.307144e-05  1.780102e-04 -1.424082e-04  7.120409e-05 -3.794512e-05 -5.555456e-05 -2.238144e-06
 [9,]  4.407411e-01  3.055902e-02  5.379661e+00 -6.799382e+00 -2.280526e-02 -2.203941e-03 -5.790016e-03
[10,]  5.456968e-04  3.637979e-04  3.637979e-04  3.637979e-04  9.183327e-05 -1.502687e-04  3.811729e-06
[11,]  0.000000e+00  0.000000e+00  0.000000e+00  0.000000e+00  0.000000e+00 -5.008956e-05  0.000000e+00
[12,] -8.950519e+00  1.051376e-01  1.912631e+01  7.050585e+00  2.296138e-01 -4.708419e-03 -1.632563e-02
[13,]  1.661521e+04 -2.404093e+02  6.606195e+03 -1.206769e+02 -6.691272e+02 -4.343326e+01 -5.151170e-01
[14,]  2.184666e+03 -2.707056e+01 -2.176008e+03  9.275591e+01  1.052805e+02 -5.012493e+01  8.600404e-02
[15,]  7.708004e+03  1.753790e+02  6.912402e+03  8.166089e+02 -2.351877e+02 -3.944052e+00  3.877763e+00
[16,]  1.370736e+01 -1.206990e+01  2.340202e+03  1.300699e+03 -1.936458e+00  5.131676e-01 -1.307640e+00
[17,]  1.311332e+03  1.256230e+01 -6.658187e+02 -5.861330e+00 -2.798102e+01  2.211955e-01  2.049300e-01
[18,]  1.256230e+01  1.807493e+01  9.759970e+00 -7.015842e-01 -8.180201e-01 -1.118801e+00 -8.553520e-03
[19,] -6.658187e+02  9.759970e+00  2.661060e+03 -3.684216e+02  1.373970e+01 -1.140940e+00 -1.133086e+00
[20,] -5.861330e+00 -7.015842e-01 -3.684216e+02  8.411169e+02  2.697755e-01  6.311285e-02  1.897479e-01
[21,] -2.798102e+01 -8.180201e-01  1.373970e+01  2.697755e-01  1.584867e+00  4.272012e-02 -2.498493e-03
[22,]  2.211955e-01 -1.118801e+00 -1.140940e+00  6.311285e-02  4.272012e-02  1.600836e-01  9.310279e-04
[23,]  2.049300e-01 -8.553520e-03 -1.133086e+00  1.897479e-01 -2.498493e-03  9.310279e-04  8.966030e-04
[24,]  3.047514e-02  3.561593e-03  2.445151e+00 -7.198988e+00 -1.673704e-03 -3.700970e-04 -1.248006e-03
              [,24]
 [1,]  0.000000e+00
 [2,] -6.437748e-02
 [3,] -1.679997e-05
 [4,]  8.517584e-03
 [5,]  3.359994e-05
 [6,]  0.000000e+00
 [7,]  0.000000e+00
 [8,]  5.480270e-06
 [9,]  2.486395e-02
[10,]  6.719987e-05
[11,]  0.000000e+00
[12,] -5.448230e-02
[13,]  6.955019e-01
[14,] -6.525444e-01
[15,] -3.135042e-01
[16,] -3.812165e+00
[17,]  3.047514e-02
[18,]  3.561593e-03
[19,]  2.445151e+00
[20,] -7.198988e+00
[21,] -1.673704e-03
[22,] -3.700970e-04
[23,] -1.248006e-03
[24,]  1.334320e-01
